Path1:  11.5Hz 
4,5,6,7,8,9,10,14,16,15
Path2:  38.91Hz
4,5,6,7,8,9,10,14,16,15
Path3:  11.5Hz 
5,7,7,11,12,13,17,18,1,2,3,4
Path4:  38.91Hz inhand 26/04/2019
5,7,7,11,12,13,17,18,1,2,3,4
Path5:   11.5Hz inhand 26/04/2019
15,16,14,10,9,8,7,6,4,3,2,1,18,17,13,12,11
Path6:   11.5Hz inhand 26/04/2019
11,12,13,17,18,1,2,3,4,5,6,7,8,9,10,14,16,15
Path7:  38.91Hz inhand 26/04/2019
11,12,13,17,18,1,2,3,4,5,6,7,8,9,10,14,16,15
Path8:  26.71Hz inhand 26/04/2019
15,14,12,11,7,5,4,3,2,1,18,17,13,12
Path9: 26.71Hz inhand 26/04/2019
12,13,17,18,1,2,3,4,5,7,11,12,14,16,15
Path10: 26.71Hz inhand 26/04/2019
14,10,9,7,5,4,17,13,12,11,7
Path11: 26.71Hz inhand 26/04/2019
7,11,12,13,17,4,5,7,9,10,14