Path1:  11.5Hz
5,4,3,2,1,14,13,12,11,6,9,7,8,10,15
Path2:  38.91Hz inhand 26/04/2019
5,4,3,2,1,14,13,12,11,6,9,7,8,10,15
Path3: 11.5Hz inhand 26/04/2019
15,10,8,7,9,6,11,13,14,1,2,3,4,5
Path4: 38.91Hz inhand 26/04/2019
15,10,8,7,9,6,11,13,14,1,2,3,4,5
Path5: 11.5Hz inhand 26/04/2019
15,10,11,12,13,14,1,2,3,4,5,6,9,7,8,6,11
Path6: 38.91Hz inhand 26/04/2019
15,10,11,12,13,14,1,2,3,4,5,6,9,7,8,6,11
Path7: 11.5Hz inhand 26/04/2019
11,6,8,7,9,6,5,4,3,2,1,14,13,12,11,10,15
Path8: 38.91Hz inhand 26/04/2019
11,6,8,7,9,6,5,4,3,2,1,14,13,12,11,10,15
Path9: 26.71Hz inhand 26/04/2019
1,9,7,8,6,5,4,13,14,1,2,11,9,7,8,6,5,4,13,14,1,2